1 0.000 0.000 0 1.000
2 0.270 0.042 0.186 0.502
3 0.353 0.057 0.233 0.357
4 0.432 0.074 0.2 0.293
5 0.480 0.074 0.164 0.282
6 0.544 0.065 0.113 0.277
7 0.580 0.069 0.08 0.271
8 0.595 0.071 0.058 0.276
9 0.645 0.069 0.083 0.203
10 0.633 0.068 0.083 0.216
11 0.613 0.066 0.058 0.262
12 0.635 0.058 0.05 0.257
13 0.638 0.057 0.056 0.249
14 0.640 0.056 0.082 0.221
15 0.644 0.055 0.092 0.209
16 0.636 0.057 0.085 0.222
17 0.605 0.057 0.106 0.233
18 0.568 0.065 0.126 0.241
19 0.485 0.079 0.131 0.305
20 0.456 0.064 0.161 0.319
21 0.393 0.048 0.123 0.436
